% 第27个函数CYp,lef(alpha)的数据，P73(4)
CYplefA = zeros(14,1);
CYplefA = [-0.141,-0.141,-0.141,0.069,-0.197,0.0601,-0.121,-.052,0.075,0.106,-0.077,-0.642,-0.255,-0.128];