% 第44个函数Clr(alpha)的数据，P90(1)
ClrA = zeros(20,1);
ClrA = [-0.155,-0.155,-0.155,-0.201,-0.0024,0.08,0.205,0.22,0.319,0.437,0.48,0.1,0.447,-0.33,-0.068,0.118,0.0802,0.529,0.0868,-0.0183];