% 第5个函数Cxq,lef(alpha)的数据，P51(3)
CxqlefA = zeros(14,1);
CxqlefA = [-1.22,-1.22,-1.22,-1.66,-1.62,-1.58,-1.96,-2.51,-2.04,-1.64,-0.824,-0.817,-1.1,-0.55];