% 第25个函数CYr,lef(alpha)的数据，P73(2)
CYrlefA = zeros(14,1);
CYrlefA = [-0.558,-0.558,-0.558,-0.198,-0.107,0.27,-0.085,-0.046,0.331,0.215,0.43,-0.06,-0.374,-0.187];