% 第48个函数\Delta C_l_p,lef(alpha)的数据，P91(2)
ClPlefA = zeros(14,1);
ClPlefA = [0.006,0.006,0.006,0.018,-0.1,0.02,0.058,0.087,0.027,-0.056,-0.082,0.362,0.194,0.097];