% 第4个函数Cxq(alpha)的数据，P51(2)
CxqA = zeros(20,1);
CxqA = [0.953,0.953,0.953,1.55,1.9,2.46,2.92,3.3,2.76,2.05,1.5,1.49,1.83,1.21,1.33,1.61,0.91,0.43,0.617,0.273];