% 第24个函数CYr(alpha)的数据，P73(1)
CYrA = zeros(20,1);
CYrA = [1.44,1.44,1.44,1.05,0.981,0.939,0.999,0.981,0.819,0.483,0.59,1.21,-0.493,-1.04,-1.21,-1.58,-1.37,-0.0259,-0.127,1.93];