% 第26个函数CYp(alpha)的数据，P73(3)
CYpA = zeros(20,1);
CYpA = [0.0333,0.0333,0.0333,-0.177,0.0055,0.0679,0.31,0.234,-0.344,0.362,0.611,0.529,0.298,-2.27,0.97,1.02,2.9,0.45,-0.294,-0.261];