% 第37个函数Cnp(alpha)的数据，P82(2)
CnpA = zeros(20,1);
CnpA = [-0.0006,-0.0006,-0.0006,0.0424,-0.0075,-0.0214,-0.032,-0.032,0.05,0.15,0.13,0.158,0.24,0.15,0,-0.2,-0.3,0.15,0,0];