% 第17个函数\delta Cmqlef(alpha)的数据，P66(2)
CmqlefA = zeros(14,1);
CmqlefA = [-0.367,-0.367,-0.367,2.88,0.25,0.27,-0.21,0.36,-1.26,-2.51,-1.66,-1.72,-1.2,-0.6];