% 第43个函数Cl \delta_r,lef(alpha,beta)的数据，P89
ClrAB = zeros(20,19,1);
ClrAB(:,1,1) = [-0.0115,-0.0078,-0.0057,0.0261,0.0292,0.0416,0.064,0.0821,0.1088,0.0932,0.0818,0.0742,0.0613,0.0819,0.0529,0.0585,0.0627,0.0669,0.0662,0.067];
ClrAB(:,2,1) = [0.0042,0.0048,0.0055,0.0317,0.0329,0.0436,0.064,0.0771,0.0928,0.0838,0.0503,0.0652,0.0606,0.0629,0.0439,0.0435,0.0475,0.0563,0.0552,0.0542];
ClrAB(:,3,1) = [0.0163,0.0176,0.0169,0.0343,0.0339,0.0436,0.0626,0.0731,0.0808,0.0718,0.0234,0.0432,0.0389,0.0399,0.0295,0.033,0.0377,0.0453,0.0432,0.04];
ClrAB(:,4,1) = [0.0276,0.0233,0.0209,0.0331,0.033,0.04,0.0552,0.0654,0.0708,0.0611,0.0168,0.0135,0.0117,0.0313,0.0243,0.0265,0.0297,0.0343,0.0323,0.0279];
ClrAB(:,5,1) = [0.035,0.0242,0.0237,0.0311,0.0294,0.0336,0.0442,0.0519,0.053,0.0449,0.0045,0.0084,0.0076,0.0223,0.0157,0.0166,0.0209,0.0242,0.0201,0.0184];
ClrAB(:,6,1) = [0.0349,0.0247,0.0252,0.0312,0.0229,0.032,0.0401,0.0482,0.0474,0.0427,0.024,0.0065,0.0121,0.0194,0.0155,0.0148,0.0184,0.0219,0.0165,0.0166];
ClrAB(:,7,1) = [0.0321,0.0255,0.0265,0.029,0.0262,0.0277,0.0343,0.0411,0.0412,0.0369,0.0269,0.0201,0.0172,0.0223,0.0149,0.0125,0.0157,0.0175,0.0098,0.0112];
ClrAB(:,8,1) = [0.0301,0.0227,0.0243,0.0253,0.0221,0.0236,0.028,0.0329,0.0313,0.0309,0.0244,0.0223,0.0169,0.023,0.0117,0.0086,0.0104,0.0125,0.01,0.0099];
ClrAB(:,9,1) = [0.0236,0.0197,0.0202,0.0205,0.0182,0.0189,0.0209,0.0228,0.0225,0.023,0.0213,0.0178,0.0158,0.0133,0.008,0.0069,0.0075,0.0052,0.0045,0.0079];
ClrAB(:,10,1) = [0.0201,0.0176,0.0184,0.0154,0.0146,0.0144,0.0137,0.0135,0.0137,0.0147,0.0126,0.0114,0.0059,0.0007,0.0026,0.0019,0.0015,0.0008,-0.0023,0.0018];
ClrAB(:,11,1) = [0.0144,0.0152,0.0169,0.0112,0.0112,0.0103,0.0073,0.0047,0.0056,0.0051,0.008,0.0109,0.0023,0.0011,-0.0042,-0.0034,-0.0028,-0.001,-0.0063,-0.002];
ClrAB(:,12,1) = [0.0139,0.0133,0.0128,0.0073,0.0079,0.0062,0.0006,-0.0044,-0.0032,-0.003,0.001,0.0102,-0.0024,-0.0062,-0.0081,-0.0064,-0.0051,-0.0064,-0.0083,-0.0041];
ClrAB(:,13,1) = [0.0127,0.0105,0.011,0.0032,0.0036,0.0014,-0.0069,-0.0142,-0.0122,-0.0116,-0.0054,-0.0092,-0.0044,-0.0097,-0.0144,-0.0133,-0.0113,-0.0112,-0.0126,-0.0064];
ClrAB(:,14,1) = [-0.0085,-0.0093,-0.0095,-0.0009,-0.0009,-0.0039,-0.0136,-0.0238,-0.0233,-0.021,-0.0094,0.0087,-0.0059,-0.0115,-0.015,-0.0156,-0.0145,-0.0152,-0.018,-0.0122];
ClrAB(:,15,1) = [-0.001,0.005,0.0044,-0.0046,-0.0053,-0.0081,-0.0199,-0.0319,-0.0326,-0.03,-0.0167,0.0069,-0.0081,-0.018,-0.0202,-0.0189,-0.0175,-0.0196,-0.0191,-0.0146];
ClrAB(:,16,1) = [0.0064,0.006,0.0073,-0.0067,-0.0086,-0.0146-0.0307,-0.0453,-0.0503,-0.0464,-0.0293,0.0017,-0.0114,-0.0269,-0.0286,-0.0286,-0.0276,-0.0263,-0.0295,-0.031,-0.0237];
ClrAB(:,17,1) = [0.0176,0.0134,0.0112,-0.0078,-0.0092,-0.0177,-0.0381,-0.0529,-0.06,-0.0569,-0.036,-0.0277,-0.0397,-0.0355,-0.0339,-0.0342,-0.0348,-0.0407,-0.0419,-0.0358];
ClrAB(:,18,1) = [0.0296,0.0259,0.0227,-0.0049,-0.0079,-0.0177,-0.0395,-0.0569,-0.0721,-0.0688,-0.0627,-0.0498,-0.0612,-0.0584,-0.0486,-0.0449,-0.0443,-0.0516,-0.054,-0.0503];
ClrAB(:,19,1) = [0.045,0.0424,0.034,0.0007,-0.043,-0.0199,-0.0395,-0.0619,-0.0801,-0.0782,-0.0941,-0.0588,-0.0619,-0.0777,-0.0577,-0.0595,-0.0597,-0.0623,-0.0652,-0.0628];
