% 第36个函数Cnr,lef(alpha)的数据，P82(1)
CnrlefA = zeros(20,1);
CnrlefA = [0.137,0.137,0.137,0.098,0.037,0.016,0.007,0.014,-0.103,-0.098,-0.31,-0.437,0.167,0.084];