% 第9个函数Czq(alpha)的数据，P58(2)
CzqA = zeros(20,1);
CzqA = [-23.9,-23.9,-23.9,-29.5,-29.5,-30.5,-31.5,-30.1,-27.7,-28.2,-29,-29.8,-38.3,-35.3,-32.3,-27.3,-25.2,-27.3,-9.35,-2.16];