% 第33个函数Cnr(alpha)的数据，P81(1)
CnrA = zeros(20,1);
CnrA = [-0.517,-0.517,-0.517,-0.461,-0.414,-0.397,-0.373,-0.455,-0.55,-0.582,-0.595,-0.637,-1.02,-0.84,-0.54,-0.35,-0.35,-0.07,-0.15,-0.15];