% 第10个函数Czq,lef(alpha)的数据，P58(3)
CzqlefA = zeros(14,1);
CzqlefA = [15.1,15.1,15.1,3.7,0.6,-1.3,0.3,-3.8,-4.6,-0.2,-2.7,-3.5,-1.3,-0.65];