% 第45个函数\Delta Cl beta (alpha)的数据，P90(2)
ClBA = zeros(20,1);
ClBA = [0,0,0,0,0,0,0,0.0007,0.0005,0.0003,0,0,0,0,0,0,0,0,0,0];