% 第3个函数Cx,sb(alpha)的数据，P51(1)
CxsbA = zeros(20,1);
CxsbA = [-0.0101,-0.0101,-0.0101,-0.0101,-0.0101,-0.0358,-0.079,-0.1227,-0.1827,-0.1892,-0.1988,-0.2,-0.1874,-0.1673,-0.1476,-0.131,-0.1279,-0.1325,-0.125,-0.125];