% 第34个函数Cn beta(alpha)的数据，P81(2)
CnBA = zeros(20,1);
CnBA = [0,0,0,0,0,0,0,0,0,-0.0008,0.001,0,0,0,0,0,0,0,0,0];