% 第13个函数Cm,sb(alpha)的数据，P65(1)
CmsbA = zeros(20,1);
CmsbA = [-0.0034,-0.0034,-0.0034,-0.0034,-0.0034,0.0289,0.0215,0.0122,0.0241,0.0263,-0.0163,-0.0428,-0.0704,-0.0844,-0.0789,-0.0603,-0.045,-0.0578,-0.0107,-0.0107];