% 第14个函数Cm(alpha)的数据，P65(2)
CmA = zeros(20,1);
CmA = [0.019,0.019,0.019,0.019,0.019,0.019,0.02,0.04,0.04,0.05,0.06,0.06,0.06,0.06,0.06,0.06,0.06,0.06,0.06,0.06];