% 第35个函数Cn \delta_a(alpha)的数据，P81(3)
CnaA = zeros(20,1);
CnaA = [0,0,0,0,0.0001,0.00008,0.00016,0.0001,0,0,0,0,0,0,0,0,0,0,0,0];