% 第8个函数Cz,sb(alpha)的数据，P58(1)
CzsbA = zeros(20,1);
CzsbA = [-0.3858,-0.3858,-0.3858,-0.3858,-0.3858,-0.2685,-0.3021,-0.4248,-0.2094,-0.0969,0.0438,0.0947,0.0014,-0.0097,-0.0153,-0.052,-0.001,-0.0202,-0.0369,-0.0369];